 MM = MONTH
 DD = DAY OF MONTH
 YY = YEAR
 KEY1..KEY24: 0=NO SAMPLING THIS HOUR 
              1=SAMPLING OCCURRED THIS HOUR
 NUM = NUMBER OF RECEPTORS
 JJJ = JULIAN DAY NUMBER 
 
  SF6 DEVELOPMENTAL DATA SET
  NUMBER OF DAYS:  29  NUMBER OF HOURS:  197

       Key1...............Key24
       ------------------------
                111111111122222
MMDDYY 123456789012345678901234  NUM   YYJJJ 
 42080 000000000000011100000000  140   80111
 42580 000000000001111110000000  145   80116
 43080 000000000000000011100000  115   80121
 50180 000000000000000111111000  111   80122
 50280 000000000000000110000000  151   80123
 50480 000000111111000000000000  142   80125
 50580 000001111111000000000000  176   80126
 50780 000000000111111111000000  173   80128
 50980 000000000011111100000000  166   80130
 71080 000000000000111111000000  156   80192
 71180 000000000111111111000000  155   80193
 71380 000000000111111111000000  162   80195
 72080 011111111100000000000000  145   80202
 72180 000000000000111100000000  154   80203
 72280 000000000111111111000000  151   80204
 72480 000000011111111100000000  148   80206
 72580 000000000000001111111000  160   80207
 72680 000000000000111000000000  145   80208
 50981 000000000011100000000000  157   81129
 51681 000011111111100000000000  175   81136
 51781 000000000111000000000000  179   81137
 52281 000000001111111110000000  187   81142
 52381 000000000111111111000000  181   81143
 52481 000000000000001111111110  185   81144
 52581 000000000000011111100000  176   81145
 52881 000000000111111111000000  179   81148
 52981 000000000111111111000000  174   81149
 53181 000011111111100000000000  201   81151
 60181 000011111111100000000000  185   81152
 
  SF6 EVALUATION DATA SET
  NUMBER OF DAYS:  21  NUMBER OF HOURS:  175

       Key1...............Key24
       ------------------------
                111111111122222
MMDDYY 123456789012345678901234  NUM   YYJJJ 
 42280 000000000001111110000000  158   80113
 42480 000000000011111111100000  164   80115
 42780 000000000011111111100000  179   80118
 42880 000000000000001111111000  133   80119
 50680 000000000111111000000000  157   80127
 50880 000000000111111111000000  166   80129
 51080 000000000011111100000000  124   80131
 70980 000000000111111111000000  165   80191
 71280 000000000111111111000000  156   80194
 71480 000000011111111100000000  180   80196
 71580 000000000111111111000000  167   80197
 71780 000000000000001111111110  148   80199
 71980 011111111100000000000000  152   80201
 72380 000000001111111110000000  144   80205
 72780 000000000111111111000000  159   80209
 72880 000000000111111111000000  162   80210
 72980 000000000111111000000000  155   80211
 51281 000000000111111111000000  163   81132
 51381 000000000111111111000000  179   81133
 51581 000011111111100000000000  189   81135
 52781 000000000111111111000000  171   81147
 
   TOTAL NUMBER OF SAMPLING DAYS:   50
